908902400
965091329
978149378
834891776
897003522
989409283
993546249
1039273993
716853260
919109645
1039564816
680574993
972447764
972537876
823218199
893366298
1010978844
895557666
904626210
941719587
944750626
967385130
825430061
965861424
742940722
922742835
964894772
992219189
728498232
896692280
940798014
947396671
971702340
763994181
896897092
1010970692
742596680
672645198
972419157
953065561
912289883
950243428
965795941
956141669
957296740
730820711
645955689
646553705
904839273
636784746
906485870
628633713
899481714
899711102
642777215
646836355
731877507
932130950
740290698
825389194
1036259470
912322706
988975250
965591192
973488284
896110766
908644527
645529777
914432180
645648565
899473601
902369477
820945099
716853454
970760401
983916754
764477652
904036565
827969748
896602326
920826071
908894436
698237160
978669806
644964595
989163765
904945911
1006178551
995574011
679010561
912589058
919085315
908632324
640106757
957120771
695406854
970080520
645443849
1044021521
716779804
813003041
1010692386
898949412
970723621
645447975
847880487
907133224
853618984
679211312
990347572
976957750
904819001
926761275
648143167
929542471
982741319
935194956
853868880
921710929
990548306
727134547
945848661
853692765
970084701
972443999
947183968
906510693
950034792
764494187
982724976
914399613
975282560
645529985
644858243
834908547
645902724
950284677
908669318
992760205
764498318
994718096
646545810
998064533
907465109
902349213
916537758
643506594
826782115
893354404
898683305
651055533
819950000
919699890
947286448
646828468
969580983
971575743
986853824
699818438
950272456
973832650
716591562
853901772
982589904
841871826
948376025
882733530
969200089
645542364
916627946
898953706
969998828
742019567
912085494
962105846
916681208
915788289
975405575
841810440
1036186120
867099146
680858122
653193740
951722517
965771797
962261526
961114647
989467159
904876570
896877084
902357532
643510812
986231328
1000780329
645354028
908628525
940794414
867742255
914354735
972517935
982745652
916582970
841888315
645530172
901403196
984027717
947139142
681931335
956084807
961241673
882795087
921637459
694841940
990282326
896860760
978162264
737997401
1000153691
972489317
927797864
830435948
698675821
912573042
1000612469
975282813
898929277
896053888
764056194
743027332
851632776
903864968
653197964
681636493
965771919
880784016
739840659
847876759
644821657
960656026
642753179
853471899
845402780
963220125
986231454
990352026
912896677
639910566
983638695
863515305
966873774
964887215
645608113
639374007
638223032
962212550
893371082
989479628
863535837
973771485
957039327
904942307
906568427
699810540
963306220
637383404
827867891
716309237
965821175
994882296
954032889
977040125
993993470
902255361
992400811
646849289
992396042
863478540
904725260
902021902
986895113
916624146
913695508
948372246
912589594
681419547
984056604
919917343
880853797
820060969
639910703
990229295
639996724
899683133
900985661
764482368
908927809
833872706
907170627
964019012
990225226
636851021
907125584
898667347
906597203
823083861
883688278
907432789
896619350
644592469
947344218
851542876
966849374
681939807
902140767
646177634
989131618
825365347
705839974
1054139238
866083691
901440363
673583983
895562607
837673842
1035989877
882275192
910287738
698676093
828842878
827638657
925242241
899462020
612410245
896111494
895878023
903807880
850969484
948302732
904094606
679183249
963019667
828879764
650331035
603902877
681554845
970740639
826848163
648315812
740410280
990557098
863404974
994042809
992412609
853713858
829305793
644920260
1038767044
828879817
956134345
898962389
965542873
904659932
901395424
935203809
716784611
826909667
829305835
898671597
948126701
972563450
908649467
953996283
990213121
882770947
989393925
973501446
1000625161
698700813
910287886
926770192
693269523
941552661
973472798
963322913
645444644
638813221
906552358
937706533
880772136
1010996263
991953962
1034908713
990331949
907191349
903951413
956126263
849679419
648115263
1000125506
645444689
652960852
989385812
740373591
680969310
823268448
989369441
985908331
957039728
904094833
812999794
889271408
697521266
972461174
947496055
961242231
947504249
970810491
695440507
693265542
986186887
983975050
799954058
948429967
990606480
644818070
902284440
673387671
698668188
864068767
973374623
961131679
901424290
965113010
970085557
970683578
935175357
903824576
636835010
792687812
992769223
990258379
643511500
763970766
680973517
896701648
929535184
849675474
914412754
992023765
962004183
908960987
929547484
1036043483
947975387
920016093
1036055775
694830305
743134436
915690724
906552550
959190247
644482280
826750185
963093741
1054106864
643798256
992769264
863483123
972461300
948360440
973792505
764495103
643003647
603337985
640111874
904832267
961238285
945796367
717079828
908948756
628802839
839587095
848303383
679511332
767362340
612402470
902284580
992408868
965088550
904918317
989164849
916620597
1000756535
952669499
992769339
961238333
901334338
990348610
927810884
736499017
823260493
824972626
913773906
887207252
823231829
912868696
965719385
628561242
989128029
829318500
950093160
992195946
983319917
642999662
951747950
914265453
904893806
717313398
978638200
645518718
940778879
898553217
948360577
898598276
644953476
950322566
991966596
992441737
645834123
913716620
863438221
965072268
962991503
853783953
947340690
642790804
901346711
929527191
991978907
603481505
992441763
695424422
919979431
716596648
1043785128
978159020
992396717
638211495
1006384552
939537835
916473265
1035142577
956433844
908858797
1034933680
970683827
986109363
1035105719
978138552
975488447
950334912
642999751
929416648
987063752
950265290
693261769
950027726
1034933710
919102928
1054721489
920880594
913765840
961226203
853738976
950154720
950322658
851580386
697525735
992220647
922613228
917624301
645547517
904943101
913774081
973846017
945063428
954164743
984004103
1040463370
1043809804
898676236
939652621
950363664
702023186
982582806
970073623
863450651
645453340
904709665
910247459
954066469
645379626
1010677295
880784944
640026162
849667636
904943158
951555639
927532600
908858936
880817724
863438397
908543551
987121219
932730437
937854542
961230415
935671381
693266006
948405847
992790109
994887261
681907807
945833568
880784997
958953064
910472811
912889454
913794676
926803573
940635765
954148478
1043949183
901060224
891594369
912340608
908682883
736491141
741213831
1055393423
644953743
898881170
893433491
973383317
902297243
826840735
989382305
970090146
912918179
912275105
895833764
645379753
824923819
902112940
940783281
897009330
895674035
982738610
645449397
932730547
991975097
902158010
978147006
826840774
969959114
645551825
903890643
992749267
661513942
827655895
829302487
741865175
903853784
889648857
1039251161
1010665186
941635300
829298408
898701038
657192687
965605105
902067954
896124663
853739259
811374333
915572484
904709898
986867466
990590730
919979790
990594834
610440978
990340884
1038771988
904689430
966592282
966690589
898946846
973772579
811341605
904935208
972560174
907429679
733620016
967739190
947189559
839337787
926926652
990607167
1006380866
912340803
735258437
910432073
904955725
901412692
901093205
904808278
638322521
637380444
973440862
882763615
693274467
922597220
906532711
902043499
645818223
907388787
917596020
919660405
834094967
880875384
880895865
724539260
942307202
656721795
743122822
992782216
906581896
989460363
1010976652
942421907
948168600
950081436
982558622
907155359
716793760
851580834
917657507
605493156
945768358
646854566
922679209
893450158
645453746
1035458483
995575732
904050612
698726330
831195067
898967483
828880827
965052351
717076419
1036212166
652789704
907319241
1044350923
969238479
989501392
948312017
863418322
864012243
645453779
992393180
926930912
764475368
645363692
990271469
898967534
825354223
990238702
882206710
904792055
948344824
961935353
1006163964
896931841
638978050
645380099
898889738
823220235
886474771
940668952
645834778
644933664
679270434
1039550499
679647266
888338468
992393250
940603431
644581427
947390515
661481525
1043798071
907462719
965609536
679499842
965744709
907389002
652175435
988932172
882759763
882198617
970078299
841889888
825436260
644548713
645449840
847898754
867207304
864012426
971557004
983472272
920615063
640006296
820009113
847902873
966473885
926754976
826837153
742717602
898939046
951720102
972429481
637380781
987089070
966772916
989153463
628545731
764033223
964872401
845555925
904886485
965535967
934844641
712153315
851650794
940759275
644827374
919091442
645458163
965626099
989464819
904059133
904005886
972470526
735205632
653195521
865208579
645368074
912767246
963225872
915441937
909547798
913701146
990599451
926861604
913819943
934725928
681400617
972458284
904108338
915515705
904948028
841873725
893401406
963049789
646101314
902105412
961235271
1035970888
904051017
847862090
949987663
643508561
951683418
901445982
993540449
640285026
821606754
697538916
717113701
867244389
898529637
907417958
681912683
940583276
901376365
926894447
961096044
1054714226
717085044
638228854
813005184
891558275
882829701
989522310
973777288
679557513
647764362
990538130
652544407
908675487
975325599
637385119
763943332
935795108
915675559
638831018
603511210
910375338
961104301
971708843
910354863
916490671
908855729
824641983
895740352
907381185
954223042
1044355522
985868742
901433799
623331789
827873742
915642833
826780116
1038805463
880847320
899512791
901364185
847870428
973498848
637848035
972470759
964999658
741206508
924641774
799967729
920549874
904690163
849668601
882440699
764500477
963267074
880871943
904653320
1000741385
967338509
1006389773
1010989582
1039243792
825002523
828885535
610400799
973388326
920594987
645814831
906545713
895777329
820095539
652532278
939539000
907385405
987036222
973478464
975477315
831228486
816462408
834161225
990231113
969964106
916699724
656947791
912329296
667490896
994015825
911964754
899705429
926866005
963287636
834071129
1034926679
992393816
917588572
982542941
952662618
645364320
640002660
679471718
898894447
915757680
973486704
796858996
929491574
963283581
764492424
604527243
904862358
880777888
909564578
643541667
914234018
827968165
983550630
904796843
992021164
971586225
644864693
717306549
994011832
893381309
898947776
818825921
637414095
828727287
882711263
895580896
834919146
990350059
982731503
717089521
962087670
673643261
990354179
898558730
851733264
681937682
972557075
963345172
834083607
694745882
990599962
743754524
976964380
973384481
1035086628
640088868
985832231
740305711
930057008
975477551
895548208
992774965
977029946
742734652
681405248
895740736
915442497
850983752
929962825
914389834
903801677
903842638
951581517
867650384
962280275
679471957
951700309
656714583
827882326
778255191
847887193
948321114
992205657
828009310
978652004
869616485
991980391
899513194
908565354
937732972
965577581
644836206
971647853
971561834
1006181229
665201523
901151599
823024502
1041329016
967310207
961846146
864004996
985869192
762706824
638806925
992406414
904731534
992205711
1000110992
819747729
898608019
843414426
984034203
712145820
811387807
645536677
912903080
668474280
742521771
989477803
827595695
841788339
645807027
701074357
966658997
935046071
652958648
985832380
640314301
824990654
971582405
672644038
895609799
834030537
651041745
851700690
920542161
882752472
882256858
926555099
701074400
977013731
932678629
976985059
962821095
914250737
880774141
899378174
951495679
956476417
915479566
653196313
709442586
811375643
678661149
643808289
898559010
841882659
908721187
927489061
932678695
645000232
880884775
992402475
649505836
828886063
680954928
642763833
988957754
985930816
867765313
865311811
991968323
839285831
697506892
907353172
972549205
971582554
839584863
1010687072
765881445
834088038
902278249
841817193
701160557
743115891
912063608
910310523
903818367
914275457
896044181
1055390869
896871575
1034751127
639360153
962038938
696958105
742538397
899505310
828894369
972549288
918928552
907336873
904023215
978652336
927833265
845540533
912571573
882449590
896126139
1000131771
988945595
1039862978
1038773445
914250949
931941575
826830025
882322637
644832461
640109779
645913812
984104151
902323416
992394456
824937690
902266075
711564509
939633886
978676960
966765795
975449315
947281123
947109100
910335214
827944175
834055407
982703343
989134063
919784692
863431930
971517180
986279166
970747135
948366592
963308801
679185666
926842115
851692805
1036061965
931814669
639827216
834039060
982658324
990240020
940686616
902380826
863993115
732003615
1034747172
912117029
642993450
906706222
908688687
1010965806
1040452915
645348660
978607419
990518594
983928133
891911493
895593803
893406540
640109906
952581459
963009885
994889056
681897314
904899939
990350690
951696740
966819173
841866603
901983596
937880943
908602736
912608626
975408498
646827381
824978806
990342517
972483962
940649852
637394306
863460740
914230662
982732167
603229579
901975435
826842508
907337101
965750161
841866643
990219668
648093076
1036070294
965057941
853581206
645442972
986275230
764497316
899673509
978652582
989502887
794963377
648035771
1044635068
656948675
990342596
645635525
965598664
912256459
982728140
947162577
978677202
984104403
827772373
645451222
828890584
811355609
961109466
961908189
902000094
964931038
907357664
966819294
912301547
956571115
913837549
990354927
963063283
898485751
891469307
921574909
653200894
1054146046
973778435
645451268
644857353
1000742412
898670093
841854478
698658322
983850521
1055268377
950300190
681639459
918953508
951729703
645934635
820149803
889486893
929533489
907148849
936001075
898670132
948338231
971546167
742014521
889568825
908639803
867765823
912014913
907460164
965574215
975429194
643501648
652959315
929406559
990531168
904683111
740318831
898952816
796802673
711573106
907357811
604098167
646565496
827903615
841875079
927927945
992738956
701075085
884596365
623328910
912686733
853892758
601628311
970079895
899444388
717094565
922562221
901086894
645443249
645435058
701075123
903814839
907296441
882839228
908537533
941579967
645451457
850968263
866049737
912572106
992009934
927575762
645373650
977051346
906739413
903868118
904040156
989351643
884801248
1010667236
1039503078
935214823
906587880
992390889
908615401
947363567
834060016
975392497
992227058
912953077
910892791
867147516
880889599
652959487
647401222
899424012
971607823
978571024
853511959
899452696
902311705
667328279
645144344
904625947
638988062
705302304
921759520
899583778
952786723
902352680
863465258
882302773
639881020
818818876
961118012
904601405
987168573
972447551
966795074
863440707
982757189
824909637
901160774
903831367
987172681
882458442
908894026
984092499
642998101
983936858
929406809
926949214
907087713
999853927
902074217
962355052
764497776
901103472
742023028
643825527
951537534
1010970495
639242112
992219017
1036070797
904941454
902311826
924610453
992399256
902332313
902340506
966610848
950075297
899674024
830652329
901369771
948318130
945758130
969301940
909586358
646574007
907485112
898658234
904683452
829296573
650346437
957337542
990236615
811347913
963190732
990527437
958619600
899502033
995565521
896118739
864030679
957104091
706461666
963325924
826765287
950255593
942395372
628756464
910864371
643002356
948277237
972492789
902029302
826798072
645369849
831254527
