823231829
893406540
896877084
922597220
740373591
716853260
973383317
889271408
912275105
912918179
926866005
935046071
936001075
953065561
924610453
992441737
994015825
915479566
649505836
912301547
912953077
947344218
912256459
912889454
925242241
954066469
915442497
912608626
914250737
705839974
824923819
824937690
895740736
986109363
986279166
717089521
963190732
693269523
705302304
869616485
895609799
963019667
867765313
898881170
922613228
962821095
963063283
986231328
824909637
816462408
952669499
919085315
709442586
962355052
912868696
920542161
947496055
950034792
904862358
717113701
962261526
994042809
919699890
717313398
792687812
949987663
950027726
951495679
954223042
956126263
956476417
639910703
640109906
640285026
672645198
679211312
643798256
643808289
672644038
680969310
735258437
824990654
825002523
849679419
889568825
896871575
962038938
976985059
638211495
638223032
638228854
639881020
640088868
679647266
717079828
638322521
638988062
642753179
643501648
643825527
880889599
891594369
896860760
954164743
956134345
639910566
643508561
716784611
762706824
778255191
849675474
948126701
950081436
799967729
640111874
950093160
640314301
882759763
948429967
951581517
645144344
948168600
679511332
643511500
680973517
954148478
640109779
640106757
645530172
628802839
680954928
848303383
907170627
947975387
604527243
681554845
628561242
646101314
679183249
679557513
731877507
764497776
929542471
940686616
992402475
652789704
679010561
901424290
643003647
743027332
989501392
847870428
628633713
764033223
716596648
992760205
693261769
628756464
637385119
645518718
681937682
764477652
940759275
901160774
992738956
764495103
825365347
882795087
825354223
764500477
990342596
952662618
644857353
612402470
645443849
652958648
849668601
965626099
909586358
945848661
645354028
645608113
813005184
645453746
901103472
652959315
907155359
818818876
735205632
898946846
711564509
940798014
825389194
693274467
951722517
694745882
908721187
992219189
681939807
825436260
642790804
623331789
645449397
948344824
1000153691
820149803
963345172
645551825
907296441
648093076
644858243
603337985
853901772
940649852
679185666
841871826
651041745
819950000
982757189
906510693
945833568
947109100
645635525
656948675
679471718
711573106
638806925
643506594
644482280
644864693
673583983
694830305
902255361
912903080
947189559
956141669
963220125
986186887
652175435
656947791
673387671
812999794
824641983
898658234
907133224
966795074
982724976
992408868
643541667
673643261
830652329
845540533
906587880
947286448
901395424
986275230
992394456
992390889
603902877
657192687
743115891
882839228
969964106
986231454
819747729
990350690
639827216
969959114
834161225
906532711
645834123
893401406
913765840
850968263
899452696
899502033
679270434
694841940
645529777
919784692
957296740
957337542
966819173
971586225
971647853
898701038
957039327
961238333
895548208
972419157
1000741385
701075085
970683578
971607823
891558275
916490671
917657507
948366592
962105846
963009885
971708843
847887193
919109645
965535967
972461174
882733530
990590730
898929277
963322913
895557666
964931038
794963377
919979790
697506892
901093205
646836355
907465109
636784746
697521266
896053888
889648857
972549288
717076419
915572484
742023028
911964754
882198617
913773906
698700813
900985661
910864371
934725928
963267074
965574215
640002660
648115263
820095539
880817724
882458442
896619350
896897092
901060224
906568427
912085494
912329296
913794676
921637459
950363664
966772916
990240020
990331949
992441763
645934635
742014521
742019567
908675487
917588572
921574909
947139142
990606480
1055268377
763994181
841873725
899424012
901334338
904059133
915441937
922679209
926754976
948318130
964894772
965577581
965605105
966819294
992009934
1038771988
644832461
743754524
742940722
965542873
644920260
989409283
697538916
990538130
893366298
977013731
907191349
899505310
992769223
912571573
1000742412
989502887
1000110992
1000125506
1054106864
1054139238
914275457
973792505
989164849
989479628
1044355522
1054721489
973832650
975392497
975477315
1000131771
1000612469
1000625161
973771485
975325599
1000756535
1054146046
950265290
951537534
828886063
829302487
829318500
896110766
898529637
901151599
902278249
973384481
989163765
645834778
826765287
826782115
827638657
827772373
828879764
702023186
826830025
827595695
827655895
828842878
828879817
828894369
829296573
829305793
845555925
963325924
826750185
826780116
828880827
828885535
829298408
829305835
939633886
951720102
992406414
1040463370
1044635068
913716620
603229579
644548713
645451268
695424422
929527191
645955689
642999751
645373650
645443249
826798072
906545713
827944175
828890584
899462020
975429194
853892758
970723621
652544407
895580896
995575732
880871943
895740352
826909667
681912683
987121219
907087713
652960852
841875079
926803573
947363567
948376025
898553217
901403196
908669318
990219668
990231113
681636493
818825921
880784944
880847320
898949412
904050612
906597203
898947776
906581896
908688687
937854542
945758130
950300190
965821175
992195946
992205711
992219017
992769264
880772136
826842508
940783281
990238702
637383404
902266075
799954058
603511210
865208579
907125584
908543551
944750626
992393816
644836206
742734652
823024502
899674024
950255593
970085557
992396042
866083691
901346711
908537533
914389834
965113010
971561834
983472272
827969748
899683133
973501446
1034751127
867207304
915642833
916699724
965771919
991953962
865311811
880777888
898671597
945768358
901376365
908602736
992227058
975408498
895593803
991978907
998064533
899673509
916681208
823220235
965057941
978676960
898598276
916624146
915757680
989477803
960656026
841889888
867099146
989460363
901369771
681405248
743134436
908649467
880875384
994882296
895833764
820945099
880853797
898667347
908615401
940583276
965088550
965744709
637394306
643002356
645447975
645913812
716591562
642993450
645442972
833872706
841866603
845402780
896044181
904876570
926842115
929535184
948321114
957039728
975477551
813003041
827873742
882440699
882829701
896126139
897009330
972483962
978147006
989464819
642999662
841866643
978149378
978159020
982703343
990531168
914354735
914399613
945063428
948302732
963308801
965861424
972563450
984092499
992774965
952581459
908639803
899513194
951700309
828009310
947340690
867147516
898670093
992400811
948360440
951729703
645449840
681400617
973846017
644827374
908628525
841888315
898676236
945796367
973472798
989134063
896692280
796858996
1055390869
646177634
698668188
970080520
698237160
698658322
698676093
698675821
701074357
712145820
958619600
959190247
961096044
961104301
961109466
961118012
961226203
961238285
961242231
1041329016
1055393423
645379626
696958105
701074400
645902724
1040452915
712153315
899512791
983936858
958953064
961114647
961131679
961241673
1043798071
961230415
888338468
903831367
904023215
904690163
967385130
716309237
985869192
665201523
730820711
961846146
732003615
863465258
902369477
903853784
847898754
863460740
864004996
910432073
912573042
912686733
914250949
863478540
914234018
910287886
821606754
850969484
851650794
646854566
867244389
902000094
908855729
941719587
1044021521
904731534
912063608
904943101
736491141
653195521
902340506
927575762
811374333
853618984
907357811
966690589
904943158
883688278
904945911
932678629
863404974
901975435
904601405
853471899
863993115
904625947
904808278
904918317
907389002
916537758
942395372
724539260
834094967
843414426
904108338
904659932
929491574
935214823
884801248
902112940
903842638
907385405
935203809
937706533
941635300
942307202
985868742
990527437
853713858
863535837
904709898
932730547
863440707
972492789
764498318
907336873
965795941
904819001
985832380
902029302
927797864
902323416
971575743
913701146
910354863
966592282
653196313
647401222
863418322
972489317
910892791
902297243
941552661
932678695
906706222
908894436
926930912
834055407
834088038
831254527
863431930
902105412
902043499
903807880
882752472
886474771
903864968
834071129
898558730
920016093
927810884
907460164
906739413
904725260
907417958
902284440
910287738
914230662
903814839
966610848
904626210
904948028
912117029
834060016
908894026
908858797
902380826
907485112
903951413
811387807
967338509
849667636
834908547
920615063
929406559
929406809
965771797
864030679
913837549
907337101
831195067
742717602
1010970495
978652582
1035105719
989382305
1036061965
907353172
1006181229
984034203
1010687072
970079895
977029946
1039273993
1034933710
1039862978
893354404
982582806
983928133
1036070294
701075123
1006178551
1035989877
1036055775
1039564816
764497316
984104403
1036259470
912340803
914265453
914432180
982658324
1035458483
1038805463
610440978
978677202
1010976652
650331035
1010665186
1036070797
650346437
989393925
1006384552
1010996263
929962825
1010692386
978669806
863483123
1010965806
1039550499
978607419
978138552
1006389773
610400799
839584863
970090146
989351643
1010970692
984104151
1036043483
1039503078
983850521
1006163964
1036212166
1010978844
1010989582
1043809804
1006380866
988957754
983975050
1010677295
717094565
988945595
1035970888
1034926679
1034933680
733620016
982558622
982589904
970084701
984004103
716853454
904941454
904955725
935194956
646553705
728498232
834039060
851700690
891469307
767362340
912589594
763943332
811341605
811375643
902140767
902352680
904886485
912322706
937732972
902067954
902349213
864012426
834891776
834083607
646828468
987063752
920826071
927927945
904893806
920594987
966658997
882711263
902158010
904942307
941579967
907432789
908644527
915690724
951696740
993993470
742521771
742538397
898485751
908682883
926761275
947396671
957104091
990236615
994889056
681897314
912589058
947162577
973388326
990282326
995574011
950322658
972517935
978652336
742596680
951683418
957120771
965719385
973374623
989467159
991968323
647764362
982745652
901433799
695440507
915788289
972461300
972560174
901086894
921710929
962004183
990548306
740410280
908948756
837673842
884596365
969238479
972537876
645451222
935795108
741213831
963093741
922562221
915515705
661513942
896701648
841882659
740318831
922742835
908565354
939652621
947183968
962280275
642763833
645453779
637380781
637414095
764494187
940668952
982741319
652959487
679471957
645814831
743122822
824978806
882256858
952786723
990599451
656714583
963306220
893381309
984027717
986895113
1034908713
926555099
850983752
737997401
954032889
927833265
867650384
999853927
678661149
965591192
972443999
636835010
639996724
929547484
972447764
987168573
990340884
697525735
716793760
893433491
896931841
910335214
912896677
918928552
921759520
990342517
990348610
741865175
765881445
867765823
913774081
990594834
882770947
916627946
966873774
820060969
969200089
880774141
926894447
948360577
830435948
970073623
823083861
901412692
906552358
912767246
992396717
1034747172
826837153
940635765
994718096
827882326
866049737
915675559
644821657
796802673
907388787
644953743
927532600
646827381
964999658
841817193
851692805
902021902
847876759
910247459
910375338
935671381
950075297
962212550
667328279
640006296
661481525
680858122
739840659
951555639
969998828
993540449
993546249
706461666
912289883
912340608
668474280
964019012
898559010
904094833
904832267
914412754
924641774
929533489
950334912
962991503
994011832
919102928
652532278
895777329
971582554
681419547
680574993
847902873
681931335
887207252
899711102
1043949183
989369441
1035086628
839587095
970078299
984056604
897003522
899444388
903818367
904005886
964872401
699818438
904709665
908902400
932730437
935175357
972470759
985930816
863438221
903801677
903868118
904792055
834919146
904094606
904689430
908927809
910310523
910472811
919660405
919917343
926949214
972429481
972470526
904683111
863438397
907381185
851580834
963049789
907357664
841810440
864068767
903824576
987089070
934844641
966765795
636851021
736499017
741206508
853868880
904899939
912572106
965750161
967739190
969301940
971517180
640026162
645451457
716779804
880784016
882302773
917624301
919091442
926861604
740290698
740305711
882275192
904040156
919979431
966849374
972447551
990347572
847862090
898952816
898962389
906485870
907148849
940603431
947390515
948338231
992399256
603481505
604098167
605493156
648143167
645363692
637380444
644581427
645818223
841854478
896111494
896602326
898683305
898953706
899705429
902311705
904839273
908960987
913695508
950284677
950322566
961935353
963287636
973486704
973772579
973778435
975282560
975488447
982731503
989128029
990213121
990229295
991975097
991980391
1035142577
645444644
645529985
645542364
645807027
826840774
826848163
839337787
882449590
882763615
896118739
896124663
898894447
898939046
907429679
908632324
909547798
912014913
948312017
970747135
971582405
972549205
973440862
973478464
975449315
976964380
982732167
983550630
983638695
987036222
989153463
990258379
990271469
990599962
991966596
992023765
992220647
992393250
992782216
1000780329
645444689
651055533
681639459
898967483
916473265
926926652
932130950
948405847
970810491
971702340
972458284
973488284
982738610
989522310
990350059
990354179
990557098
992205657
992393180
992412609
992790109
823218199
823260493
823268448
826840735
827867891
827903615
827968165
880784997
898967534
899473601
901440363
901445982
906552550
909564578
937880943
939539000
940778879
940794414
948277237
950243428
950272456
961235271
962087670
963283581
965052351
965072268
970683827
970760401
972557075
982728140
987172681
989131618
989385812
990225226
990607167
992021164
992749267
994887261
995565521
1043785128
916620597
637848035
1038773445
727134547
982542941
834030537
853581206
902332313
966473885
967310207
978571024
653197964
644953476
653193740
831228486
863450651
902357532
908858936
965091329
965598664
973498848
985832231
986867466
646545810
667490896
693266006
811347913
841788339
851542876
851580386
851632776
851733264
853511959
853739259
853783953
863515305
889486893
893371082
902074217
902284580
903890643
904036565
904051017
904683452
904935208
913819943
917596020
918953508
961908189
964887215
965609536
983916754
986853824
646565496
853692765
902311826
904796843
907319241
907462719
930057008
931814669
931941575
990518594
811355609
853738976
864012243
901983596
904653320
920549874
920880594
929416648
942421907
985908331
988932172
990352026
646849289
646574007
977051346
978638200
978652004
988975250
916582970
1010667236
601628311
899378174
976957750
644818070
645435058
644592469
645648565
695406854
847880487
891911493
895878023
947281123
983319917
880895865
645536677
971546167
895562607
947504249
679499842
717306549
880884775
882206710
939537835
953996283
956433844
623328910
628545731
642777215
643510812
698726330
699810540
717085044
612410245
638813221
638831018
639360153
645364320
645379753
693265542
701160557
764056194
824972626
895674035
956571115
969580983
970740639
645368074
645453340
681907807
639242112
644964595
645380099
645547517
648315812
828727287
839285831
882322637
893450158
898608019
899481714
963225872
978162264
1044350923
644933664
764482368
820009113
825430061
899583778
950154720
973777288
763970766
764475368
764492424
898889738
901364185
948372246
951747950
956084807
971557004
975405575
990354927
645369849
927489061
977040125
1039251161
1038767044
867742255
645000232
656721795
638978050
642998101
645348660
992769339
639374007
648035771
975282813
898670132
1054714226
645458163
653200894
926770192
1036186120
1039243792