978149378
823218199
944750626
965861424
896692280
947396671
971702340
742596680
950243428
645955689
904839273
906485870
932130950
973488284
896110766
908644527
899473601
820945099
970760401
827969748
896602326
989163765
995574011
912589058
908632324
957120771
813003041
898949412
970723621
645447975
926761275
648143167
914399613
975282560
645529985
950284677
908669318
994718096
998064533
826782115
898683305
651055533
950272456
716591562
948376025
645542364
898953706
916681208
915788289
867099146
989467159
904876570
1000780329
908628525
940794414
914354735
972517935
982745652
841888315
901403196
990282326
830435948
681636493
965771919
644821657
960656026
845402780
983638695
637383404
827867891
965821175
994882296
993993470
992400811
992396042
916624146
913695508
880853797
990229295
899683133
833872706
990225226
907125584
898667347
906597203
823083861
989131618
866083691
901440363
895562607
828842878
827638657
899462020
896111494
948302732
828879764
826848163
990557098
992412609
829305793
828879817
898962389
826909667
829305835
898671597
972563450
908649467
990213121
973501446
926770192
973472798
645444644
906552358
880772136
991953962
645444689
652960852
989385812
823268448
957039728
947504249
970810491
695440507
799954058
973374623
965113010
970085557
990258379
929535184
992023765
908960987
743134436
915690724
906552550
826750185
992769264
972461300
948360440
945796367
965088550
916620597
823260493
965719385
989128029
829318500
992195946
642999662
940778879
898553217
948360577
898598276
950322566
991966596
913716620
965072268
947340690
901346711
929527191
991978907
603481505
695424422
1043785128
978159020
992396717
916473265
1035142577
970683827
975488447
642999751
950265290
950322658
992220647
973846017
945063428
1040463370
898676236
702023186
970073623
880784944
908543551
987121219
937854542
948405847
992790109
994887261
880784997
926803573
940635765
908682883
826840735
895833764
940783281
897009330
982738610
991975097
978147006
826840774
992749267
827655895
829302487
829298408
896124663
973772579
972560174
907429679
839337787
926926652
990607167
901412692
637380444
973440862
882763615
645818223
880875384
992782216
906581896
989460363
605493156
945768358
995575732
904050612
898967483
828880827
965052351
948312017
992393180
645363692
990271469
898967534
990238702
961935353
823220235
645834778
992393250
940603431
644581427
947390515
965744709
841889888
644548713
645449840
867207304
983472272
826837153
898939046
951720102
989153463
845555925
644827374
645458163
989464819
865208579
912767246
909547798
681400617
972458284
961235271
847862090
951683418
901445982
898529637
681912683
940583276
901376365
926894447
882829701
989522310
647764362
652544407
915675559
603511210
895740352
901433799
827873742
915642833
826780116
880847320
882440699
880871943
828885535
973388326
906545713
939539000
987036222
973478464
990231113
916699724
899705429
963287636
992393816
898894447
915757680
973486704
796858996
963283581
880777888
909564578
827968165
983550630
992021164
898947776
818825921
895580896
990350059
982731503
962087670
990354179
972557075
990599962
976964380
973384481
975477551
992774965
742734652
681405248
914389834
951700309
827882326
948321114
992205657
828009310
991980391
899513194
644836206
971561834
901151599
823024502
992406414
992205711
694451109
742521771
989477803
827595695
645807027
971582405
880774141
828886063
865311811
991968323
972549205
902278249
896044181
1034751127
742538397
828894369
978652336
882449590
896126139
826830025
645913812
902266075
939633886
978676960
975449315
827944175
982703343
989134063
970747135
963308801
926842115
1034747172
642993450
908688687
895593803
952581459
994889056
681897314
951696740
841866603
937880943
908602736
975408498
972483962
637394306
982732167
603229579
826842508
841866643
990219668
965057941
645442972
899673509
1044635068
982728140
947162577
827772373
828890584
898485751
973778435
645451268
898670093
841854478
950300190
681639459
951729703
907148849
948338231
971546167
908639803
912014913
975429194
990531168
898952816
604098167
827903615
841875079
853892758
645443249
908537533
866049737
645373650
908615401
947363567
992227058
867147516
902311705
987172681
984092499
642998101
907087713
951537534
992219017
992399256
899674024
901369771
945758130
829296573
990236615
995565521
896118739
957104091
963325924
826765287
950255593
643002356
948277237
826798072
