989409283
919109645
893603853
972447764
972537876
893366298
895557666
742940722
922742835
964894772
763994181
896897092
972419157
636784746
646836355
740290698
965591192
716779804
990347572
853868880
921710929
990548306
972443999
907465109
973832650
882733530
969200089
916627946
742019567
912085494
962105846
867742255
947139142
921637459
1000612469
898929277
896053888
880784016
912896677
966873774
989479628
973771485
906568427
820060969
639996724
900985661
636851021
896619350
966849374
1054139238
837673842
882275192
740410280
644920260
965542873
882770947
1000625161
698700813
963322913
990331949
907191349
648115263
1000125506
697521266
972461174
990606480
970683578
636835010
992769223
896701648
962004183
929547484
963093741
1054106864
973792505
908948756
989164849
1000756535
992769339
901334338
990348610
736499017
913773906
992441763
919979431
1054721489
697525735
917624301
913774081
950363664
640026162
880817724
913794676
901060224
741213831
893433491
661513942
741865175
889648857
965605105
915572484
990590730
919979790
990594834
990340884
1038771988
967739190
901093205
818722662
716793760
917657507
922679209
717076419
969238479
896931841
882198617
926754976
966772916
965535967
934844641
919091442
904059133
915441937
926861604
934725928
915515705
841873725
697538916
1054714226
891558275
990538130
908675487
975325599
935795108
971708843
916490671
1044355522
901364185
741206508
963267074
1000741385
820095539
975477315
912329296
911964754
917588572
640002660
743754524
740305711
847887193
965577581
1000110992
977013731
678661149
841882659
697506892
765881445
914275457
899505310
972549288
918928552
912571573
1000131771
644832461
966765795
910335214
971517180
948366592
990240020
963009885
904899939
990342517
965750161
989502887
794963377
645451222
964931038
966819294
990354927
921574909
1054146046
1000742412
1055268377
645934635
898670132
742014521
867765823
965574215
740318831
701075085
884596365
922562221
901086894
645451457
912572106
992009934
904040156
975392497
899424012
971607823
921759520
882302773
815980342
987168573
972447551
882458442
742023028
948318130
969301940
910864371
