1039273993
823218199
893366298
922742835
992219189
763994181
1010970692
912289883
899711102
642777215
646836355
1036259470
965591192
645529777
914432180
764477652
908894436
989163765
640106757
970080520
1010692386
853618984
990548306
853692765
950034792
908669318
998064533
893354404
819950000
919699890
699818438
973832650
841871826
969200089
962105846
1036186120
965771797
962261526
961114647
645354028
914354735
841888315
645530172
947139142
681931335
921637459
694841940
927797864
698675821
1000612469
896053888
903864968
681636493
739840659
847876759
644821657
845402780
863515305
893371082
989479628
716309237
954032889
902255361
863478540
904725260
986895113
681419547
984056604
820060969
639910703
990229295
833872706
823083861
896619350
947344218
851542876
681939807
902140767
646177634
705839974
901440363
837673842
1035989877
910287738
698676093
827638657
925242241
612410245
948302732
963019667
650331035
603902877
681554845
740410280
863404974
829305793
948126701
990213121
1000625161
698700813
910287886
941552661
880772136
652960852
740373591
989369441
889271408
947496055
695440507
983975050
948429967
990606480
644818070
902284440
673387671
698668188
864068767
901424290
970683578
792687812
680973517
914412754
959190247
643798256
863483123
948360440
973792505
603337985
640111874
904832267
961238285
945796367
612402470
992408868
989164849
916620597
952669499
961238333
736499017
887207252
912868696
914265453
717313398
644953476
645834123
913716620
603481505
992441763
695424422
919979431
716596648
916473265
1034933680
642999751
950265290
919102928
913765840
961226203
851580386
697525735
922613228
917624301
945063428
1043809804
702023186
982582806
863450651
645453340
954066469
645379626
1010677295
640026162
961230415
945833568
912889454
891594369
912340608
741213831
898881170
912918179
940783281
897009330
661513942
903853784
829298408
610440978
811341605
904935208
907429679
733620016
1006380866
637380444
882763615
906532711
724539260
942307202
656721795
1010976652
942421907
982558622
716793760
917657507
605493156
645453746
652789704
863418322
645363692
886474771
645834778
644933664
661481525
882198617
970078299
825436260
645449840
640006296
847902873
966473885
742717602
965535967
934844641
712153315
644827374
919091442
653195521
915441937
681400617
904948028
893401406
1035970888
697538916
681912683
891558275
652544407
908675487
975325599
603511210
910375338
961104301
971708843
916490671
908855729
895740352
827873742
826780116
741206508
904690163
880871943
1006389773
1039243792
825002523
828885535
610400799
975477315
912329296
926866005
917588572
982542941
604527243
904862358
827968165
992021164
971586225
644864693
637414095
895580896
990350059
673643261
990354179
681937682
973384481
740305711
895548208
977029946
742734652
681405248
895740736
867650384
644836206
971647853
823024502
961846146
985869192
638806925
904731534
1000110992
984034203
712145820
645807027
701074357
935046071
824990654
895609799
651041745
701074400
962821095
915479566
811375643
898559010
841882659
932678695
680954928
642763833
988957754
839584863
765881445
841817193
912063608
828894369
927833265
914250949
826830025
644832461
645913812
984104151
992394456
824937690
971517180
948366592
1036061965
639827216
982658324
978607419
983928133
966819173
603229579
907337101
841866643
648093076
764497316
989502887
794963377
828890584
811355609
902000094
966819294
912301547
963063283
841854478
698658322
681639459
929533489
936001075
971546167
907460164
975429194
652959315
740318831
711573106
907357811
604098167
827903615
701075085
884596365
601628311
970079895
922562221
903814839
850968263
989351643
1039503078
935214823
975392497
899424012
899452696
899583778
972447551
824909637
903831367
908894026
983936858
929406809
962355052
742023028
1010970495
924610453
950075297
948318130
969301940
829296573
990236615
958619600
864030679
706461666
826765287
628756464
643002356
902029302
831254527
