16
21
30
47
51
57
58
63
75
83
101
113
158
166
183
186
205
217
224
241
281
282
284
297
300
306
307
310
334
344
361
368
369
388
23
36
77
94
100
116
187
194
195
198
207
218
227
246
326
333
349
357
371
374
382
387
7
24
29
37
53
54
61
74
79
86
89
104
106
107
121
129
136
140
155
160
168
174
176
178
179
209
210
215
237
255
259
276
277
290
292
295
296
298
309
316
336
337
341
342
367
372
375
376
383
1
25
26
40
52
70
72
80
97
102
103
131
135
146
151
162
180
188
191
192
202
206
231
242
243
260
261
265
268
278
280
288
338
350
351
380
17
85
95
125
145
154
164
184
208
244
251
270
311
325
332
340
343
386
41
56
71
108
143
214
274
327
55
88
148
153
181
222
226
233
247
266
275
313
345
4
8
15
28
32
39
66
76
87
91
92
117
132
139
150
167
203
204
213
216
236
258
264
269
293
302
308
328
346
379
385
120
137
279
352
13
44
62
112
114
133
144
156
173
193
196
228
263
267
283
315
320
348
354
364
2
3
5
22
34
45
50
81
99
111
118
138
147
149
159
161
177
182
211
223
225
230
254
299
312
317
318
324
363
377
33
43
68
73
219
220
232
234
239
245
256
262
271
272
305
321
331
335
347
353
356
358
366
373
378
19
38
48
78
84
115
122
130
157
169
172
221
238
287
289
294
339
370
381
9
18
42
69
96
110
119
123
127
128
142
175
250
291
301
365
12
31
49
93
98
126
134
200
240
253
330
384
10
46
59
171
199
201
235
252
285
362
6
90
109
124
152
165
185
229
248
249
303
304
322
359
360
0
27
60
64
67
170
286
314
319
11
14
20
35
65
82
105
141
163
189
190
197
212
257
273
323
329
355
